841
277
631
991
372
791
379
772
941
603
214
39
302
611
775
113
34
671
644
146
772
626
873
788
403
860
681
12
447
373
181
597
884
773
531
350
289
422
963
391
955
842
159
706
74
830
342
822
817
475
53
698
405
844
629
722
129
617
271
14
174
583
274
741
932
303
315
604
374
530
729
278
770
556
121
372
241
78
749
25
217
507
783
221
299
905
164
187
561
8
269
851
114
20
538
913
921
107
965
968
525
532
536
751
853
666
955
522
552
746
563
398
106
67
704
669
277
905
66
658
518
667
140
28
59
705
689
661
211
858
197
45
141
63
60
500
379
129
70
884
731
935
398
437
592
277
65
851
265
379
298
466
563
711
897
513
473
224
319
578
481
73
97
494
418
657
559
604
837
495
595
260
125
524
425
776
825
943
115
860
742
72
108
397
42
1000
93
158
24
402
564
709
910
167
233
111
760
450
47
963
570
943
123
6
432
768
551
741
50
953
814
21
612
77
987
359
567
573
812
683
371
132
747
852
49
370
746
663
268
116
257
75
937
533
671
708
636
570
483
770
990
809
831
597
309
252
128
460
422
355
357
122
30
552
88
834
138
629
466
218
708
6
794
257
332
404
981
933
117
315
366
898
682
375
663
272
970
176
680
89
738
928
51
217
794
401
77
422
524
486
813
290
920
376
705
99
818
883
55
452
115
153
271
833
312
602
137
322
985
305
351
236
982
951
587
931
587
259
932
304
327
325
571
696
702
632
802
242
8
666
533
407
75
551
825
403
65
14
885
222
496
9
915
479
967
499
707
774
456
714
863
389
290
695
373
950
975
891
39
391
503
412
344
429
78
90
77
487
651
741
590
4
852
206
948
859
897
497
104
373
4
734
106
468
567
354
7
841
267
569
642
466
868
214
347
66
751
169
587
142
384
167
881
87
640
403
707
186
24
8
313
790
623
573
446
571
556
566
76
226
588
1000
248
245
391
510
392
92
459
583
237
628
621
558
77
37
441
847
422
60
88
435
290
788
292
463
350
223
626
940
746
757
531
56
172
369
37
994
812
166
445
262
53
250
384
237
910
243
882
410
146
311
862
922
433
768
784
12
584
388
818
770
569
582
927
41
790
731
127
714
675
316
8
169
730
293
641
614
406
222
99
245
166
414
473
171
303
584
414
141
695
685
431
134
118
946
476
794
73
743
548
65
354
172
363
55
421
976
921
654
660
574
222
203
441
258
791
627
688
650
17
849
304
693
1
74
97
317
44
562
276
882
280
13
551
815
142
281
106
28
649
12
351
667
422
319
288
992
246
498
102
619
421
777
611
936
219
449
531
513
902
981
815
357
926
649
359
768
433
935
226
672
365
181
384
891
749
788
103
452
928
985
888
57
191
496
247
1000
633
273
120
803
431
388
968
352
49
331
732
25
537
303
397
119
270
731
849
109
69
474
347
563
389
190
709
766
837
844
774
744
791
539
789
329
225
916
760
877
442
559
42
171
312
86
404
581
244
969
526
207
460
253
201
280
460
112
665
334
50
191
882
963
766
708
683
128
476
485
791
114
96
462
642
292
63
933
99
305
212
670
562
710
740
374
157
336
327
742
51
716
832
318
129
581
349
343
620
452
175
129
718
41
824
360
322
242
526
256
87
671
871
250
874
154
745
155
256
224
40
588
689
905
143
862
595
161
20
463
968
164
529
138
907
942
653
741
245
13
114
243
788
370
242
604
720
167
112
522
318
576
164
664
481
85
59
587
233
65
371
8
791
126
517
801
991
700
896
312
644
713
326
659
25
576
324
676
928
500
85
9
362
616
402
99
747
101
248
821
256
12
495
889
836
401
234
980
432
610
138
273
631
889
169
848
801
327
874
851
195
406
918
475
1000
394
268
154
870
862
544
931
772
137
529
688
653
15
162
37
373
712
754
590
364
186
443
985
67
416
105
606
728
253
445
632
375
115
174
70
246
102
220
708
330
940
705
751
642
455
400
712
454
949
47
579
403
485
721
442
921
251
891
276
883
564
347
821
2
410
935
732
594
485
766
375
284
413
855
813
824
871
249
957
93
497
766
290
319
445
893
149
953
331
489
102
71
996
842
392
891
422
23
268
548
941
264
62
291
872
199
406
912
653
57
649
49
299
305
599
57
331
224
431
698
927
443
388
127
86
937
564
683
906
971
561
933
422
275
214
125
630
357
491
902
142
476
704
540
745
741
679
365
546
818
976
354
721
764
252
593
905
616
5
197
794
339
415
585
102
407
848
913
339
898
2
57
140
494
995
621
291
852
842
620
627
517
506
557
595
690
187
742
198
303
124
873
50
310
706
50
265
10
362
771
802
168
115
939
949
125
526
248
437
369
886
526
171
570
51
528
457
468
797
358
456
394
354
775
809
964
159
706
594
831
19
162
689
985
518
168
779
237
709
655
773
82
722
13
620
200
601
820
47
728
962
703
491
738
269
862
301
15
633
164
632
293
422
379
81
323
112
402
53
915
214
16
296
862
129
5
418
589
702
18
728
252
429
290
67
882
683
663
942
76
963
429
376
850
548
542
612
744
188
399
484
71
771
788
337
523
488
676
864
574
171
429
647
892
709
677
638
803
754
847
62
431
791
175
753
904
701
747
576
435
498
685
370
720
871
986
465
995
406
425
754
113
657
381
144
786
113
12
345
592
558
19
309
618
922
168
712
329
376
126
745
623
500
150
783
293
553
524
115
743
440
891
118
924
271
262
597
803
567
928
873
403
619
520
443
174
197
709
727
310
466
286
313
123
317
571
139
725
435
546
190
376
606
97
499
336
98
825
404
784
596
11
403
820
192
711
824
813
280
319
30
669
343
589
462
410
425
242
704
304
147
955
326
19
824
985
144
593
295
307
125
682
618
426
182
849
949
8
649
560
341
209
699
37
22
986
633
71
857
657
404
444
484
56
292
351
124
759
870
790
435
120
546
494
96
976
976
493
469
252
702
446
256
664
672
824
508
94
364
523
69
714
914
354
639
985
963
935
117
107
281
61
500
391
64
714
237
146
671
498
108
607
480
926
98
847
719
151
974
319
144
729
555
245
117
239
751
550
331
920
37
687
555
935
623
153
632
926
37
957
567
433
559
757
512
426
439
445
376
611
147
136
806
547
480
532
638
261
36
657
253
556
983
306
674
441
675
440
704
522
37
350
941
345
232
939
875
714
388
984
596
50
537
233
802
863
684
408
455
240
833
588
393
276
659
158
234
817
10
609
436
261
350
720
918
207
24
422
611
181
12
103
403
26
183
793
757
177
990
48
123
446
992
489
294
632
8
396
208
964
81
128
306
405
415
242
182
20
623
579
19
290
566
432
574
776
280
276
180
675
385
31
123
283
446
710
292
673
672
522
551
106
582
691
256
732
389
493
176
955
839
867
36
948
103
483
853
168
510
343
738
985
66
786
158
476
734
6
990
435
163
26
968
714
232
846
697
412
619
644
46
623
522
495
301
141
818
885
515
855
65
376
781
651
948
911
840
204
705
453
611
675
254
400
961
682
727
922
223
530
877
312
104
1000
585
308
481
418
191
286
896
963
778
257
50
430
76
425
437
503
127
553
551
289
566
662
826
2
941
931
589
996
927
717
814
604
73
861
149
802
690
259
257
439
671
639
206
184
106
56
218
164
957
972
583
917
602
270
23
233
385
389
554
825
964
328
120
557
84
530
295
902
568
516
295
623
865
473
177
311
308
915
268
534
303
942
546
357
228
447
516
444
862
891
454
414
9
200
951
111
526
855
226
26
733
340
315
18
586
566
770
158
814
302
914
822
827
842
556
225
85
698
623
178
507
474
34
88
333
495
594
392
340
706
263
30
759
100
683
470
786
633
484
788
520
411
414
579
262
428
814
933
335
697
41
263
464
560
744
898
699
860
150
258
685
332
933
562
747
304
799
264
506
44
215
819
976
106
329
704
473
329
677
871
440
885
399
564
221
55
585
78
948
418
558
450
742
8
687
379
548
519
970
389
256
893
57
815
506
716
747
208
597
323
127
319
407
231
771
532
847
6
865
376
523
708
710
219
31
567
943
397
972
138
853
454
230
996
39
29
28
298
480
639
233
891
94
271
252
426
816
124
570
684
127
82
130
50
554
105
678
228
937
797
380
108
171
751
534
403
626
219
492
51
972
596
134
847
841
931
570
1000
428
720
481
898
604
208
539
990
446
139
234
898
697
310
818
905
734
882
539
803
199
565
898
314
665
379
895
57
41
298
713
589
583
546
780
516
410
667
56
729
525
677
66
83
507
991
825
476
295
310
365
851
311
575
821
672
948
881
331
915
273
936
358
789
274
809
452
57
759
432
370
391
411
439
948
233
536
16
184
515
4
841
147
573
188
822
209
406
288
782
447
614
760
449
373
710
965
109
444
935
296
180
547
977
266
948
451
533
187
68
496
547
623
643
485
775
259
314
775
52
491
665
51
572
609
534
354
893
387
705
136
322
381
43
194
536
633
643
760
611
436
882
264
27
323
80
688
684
621
548
778
516
173
864
124
426
691
482
383
251
80
59
462
136
742
573
746
458
286
822
651
17
444
93
316
362
93
520
529
870
271
187
340
214
675
368
398
713
181
751
742
178
907
433
950
154
649
370
645
175
655
272
661
224
546
768
783
729
560
805
806
263
439
731
161
805
579
123
261
525
747
77
393
814
916
882
914
459
959
362
13
620
19
850
332
460
950
969
76
8
771
73
772
910
578
54
409
80
418
63
846
466
123
701
675
301
614
209
703
451
323
506
786
795
718
745
721
273
413
347
80
298
852
463
583
785
992
772
475
102
181
189
203
682
448
125
604
856
175
588
611
115
609
663
806
291
280
826
413
588
4
747
146
422
361
474
964
500
442
426
555
528
654
24
324
636
225
950
60
262
153
30
327
608
773
95
121
598
839
8
579
370
49
741
96
623
864
235
182
505
410
382
907
7
679
474
404
910
616
607
373
922
210
552
349
295
643
56
628
334
280
345
988
494
287
451
468
371
385
706
571
374
246
486
837
487
379
353
413
358
471
439
498
437
44
208
208
997
579
612
733
522
387
203
274
393
637
647
379
161
260
442
345
63
53
555
700
70
25
187
156
4
483
193
453
221
200
255
542
862
378
684
415
93
492
568
593
811
106
585
413
852
793
136
766
425
422
354
731
555
190
83
493
546
746
835
440
691
769
564
557
439
204
716
935
534
67
489
422
124
773
242
894
361
935
303
113
501
665
889
61
623
347
256
317
209
567
231
100
349
243
327
538
574
146
776
762
659
554
261
994
912
295
193
743
725
312
946
505
473
804
317
746
641
682
402
246
350
244
311
237
937
224
77
6
166
374
28
421
485
711
383
35
128
328
39
990
11
173
509
576
981
132
785
213
850
793
324
42
696
674
443
422
133
537
466
339
710
747
464
49
524
964
629
865
257
224
330
576
528
924
193
888
771
410
234
483
65
206
489
990
961
655
996
980
101
740
286
747
233
795
38
46
597
241
113
303
343
53
449
275
129
749
237
347
693
167
147
872
751
853
37
486
191
62
590
36
388
870
778
307
428
341
929
601
848
174
976
243
781
291
959
806
645
282
442
650
612
204
826
682
632
105
277
108
609
708
509
247
729
304
741
13
503
931
171
780
602
895
801
396
791
875
162
311
924
66
234
524
981
408
730
430
474
158
624
135
186
956
387
227
835
281
353
371
770
104
184
583
530
967
634
418
664
868
910
273
780
848
337
920
657
289
984
811
397
991
759
564
319
467
29
935
574
100
5
307
225
898
235
833
948
781
233
857
980
182
98
214
217
989
349
913
627
706
664
319
88
719
825
870
307
527
707
912
851
897
680
713
439
228
790
298
532
48
888
508
836
565
727
256
871
320
731
790
364
280
527
431
660
117
253
958
721
471
454
798
877
945
733
251
303
574
249
32
8
258
4
725
310
274
833
298
155
288
168
385
607
803
888
353
224
117
32
916
949
409
807
228
871
593
641
268
403
593
220
186
609
928
484
639
897
192
286
517
373
128
1000
228
96
62
728
975
508
295
972
728
422
59
562
975
721
290
880
231
324
687
351
757
606
959
166
748
25
368
884
964
256
650
302
962
433
728
636
564
1000
114
565
630
353
187
666
454
826
337
859
545
788
529
883
198
123
3
124
379
434
310
231
323
847
830
431
391
242
922
984
329
942
215
371
252
527
820
232
759
402
33
369
878
256
483
135
99
285
95
382
96
437
951
191
249
815
873
423
848
293
337
188
409
89
750
468
585
141
732
332
791
469
15
163
627
73
893
86
916
563
912
772
992
959
251
544
3
61
957
741
572
305
932
568
650
248
477
700
418
551
288
515
5
286
452
153
947
374
383
818
529
776
372
565
681
820
336
720
995
32
5
1000
293
695
911
834
15
665
848
736
918
325
808
191
355
569
574
242
493
623
287
553
729
592
675
940
201
932
539
124
929
401
52
442
435
157
74
318
333
340
483
849
987
803
292
881
866
500
452
126
948
27
30
68
85
290
223
737
247
721
467
889
784
192
599
653
142
781
716
285
935
66
700
751
645
917
597
560
790
415
275
206
713
768
440
190
766
538
243
482
831
108
844
209
889
167
997
809
943
4
799
969
669
588
642
513
214
964
702
960
159
499
323
267
632
297
271
466
305
290
942
303
882
163
189
398
93
841
706
593
780
977
582
324
663
740
721
612
743
497
624
115
416
229
754
877
986
252
585
204
98
620
486
834
772
716
729
719
277
824
484
721
88
814
647
579
24
185
938
885
288
873
156
570
950
485
627
488
548
291
501
162
316
907
603
290
716
353
971
402
59
782
164
372
333
515
832
108
176
476
690
857
635
978
416
861
656
768
132
404
303
750
505
303
593
123
448
918
614
949
625
766
428
437
570
407
310
404
223
81
202
40
616
705
783
422
760
76
183
449
12
226
597
770
582
994
687
11
572
165
705
762
54
612
120
410
850
821
35
189
891
520
175
595
236
696
35
571
430
721
491
925
672
649
432
522
918
846
177
687
589
283
687
99
98
813
125
713
407
762
471
629
319
307
730
107
230
361
839
41
781
94
155
720
985
687
23
213
404
321
437
313
81
263
204
221
955
92
570
830
681
359
536
936
30
786
562
44
228
981
574
380
799
492
943
772
397
850
152
571
669
17
880
188
653
400
597
788
717
232
407
594
425
241
690
554
764
331
984
28
223
202
196
354
27
50
481
262
697
466
886
97
916
874
77
657
839
94
833
509
19
602
275
224
978
366
898
450
501
104
933
394
666
647
384
321
50
832
633
967
556
409
859
933
558
826
643
285
428
125
802
588
277
866
142
852
341
164
337
848
9
105
968
785
193
272
583
961
57
172
733
609
385
568
807
437
437
297
188
42
811
407
637
918
35
859
271
266
910
578
817
167
210
769
118
91
77
663
627
384
913
912
574
683
185
38
290
222
383
636
794
265
601
645
179
180
364
102
402
214
673
597
371
882
948
408
743
139
564
448
815
363
411
127
937
361
644
785
422
388
249
664
173
93
49
933
109
89
898
15
682
815
428
217
424
822
676
817
312
235
880
675
412
305
157
186
382
561
428
695
517
139
835
416
482
491
224
313
492
75
448
455
374
447
546
112
326
586
365
344
11
593
946
737
178
121
76
94
438
315
207
147
689
89
249
303
698
875
5
174
730
902
842
208
480
135
291
447
75
494
696
94
984
757
298
737
981
956
851
627
375
164
162
391
431
438
626
444
914
770
681
997
84
443
742
264
603
310
388
68
925
661
49
485
981
18
267
982
849
803
728
509
313
93
828
791
939
683
799
121
738
682
323
119
558
498
827
104
972
406
158
273
734
922
531
38
437
578
590
350
410
540
309
234
250
584
15
927
492
48
803
850
612
606
640
732
656
937
333
249
243
644
654
682
258
695
206
644
431
221
569
815
599
884
162
144
503
759
659
573
740
66
334
921
793
396
469
500
646
125
63
547
64
731
700
563
981
574
713
264
607
261
372
158
352
52
88
298
532
231
486
545
773
702
231
698
54
464
379
590
497
563
428
959
385
633
554
238
384
336
299
157
555
835
160
685
13
329
261
883
184
301
905
743
23
970
897
826
736
134
727
540
217
863
199
921
960
214
315
158
366
849
2
86
382
426
313
44
677
188
389
739
540
515
476
906
154
382
374
520
922
832
407
361
151
207
379
907
985
107
240
283
444
676
51
185
641
591
917
557
528
241
569
140
305
260
542
746
56
201
94
34
441
131
939
375
217
259
703
818
865
611
978
968
124
950
473
311
857
316
176
295
528
68
611
324
945
735
245
285
793
359
30
628
156
40
499
333
650
240
257
857
855
698
759
992
316
806
906
798
598
907
776
259
16
920
63
684
42
942
18
832
638
330
532
138
55
736
25
306
813
358
134
884
100
29
121
984
22
859
670
318
400
778
655
167
275
912
428
822
245
858
545
698
370
630
93
422
440
701
330
77
947
473
888
258
422
464
861
628
22
956
175
422
397
921
36
14
888
80
241
413
509
297
50
91
489
943
332
408
301
220
456
153
812
353
199
678
612
850
546
245
175
444
554
201
967
619
619
926
481
298
228
45
130
557
364
423
554
640
683
921
194
608
89
676
794
953
48
967
825
688
508
238
963
706
468
408
662
250
708
287
865
75
803
639
832
649
367
789
163
316
806
142
878
499
947
967
591
276
391
215
276
818
256
811
66
188
922
576
988
414
62
922
928
567
736
591
365
352
8
244
855
362
165
306
953
189
368
906
252
849
942
674
117
462
137
963
623
290
94
403
412
802
858
633
721
570
994
368
474
203
358
924
681
978
162
604
9
961
191
173
350
34
72
864
926
359
289
258
711
452
916
777
623
737
609
945
172
16
471
151
141
707
864
509
143
236
510
254
444
936
432
379
817
325
130
203
31
228
41
884
283
318
517
518
351
876
928
333
932
149
712
302
728
533
106
86
407
958
486
980
137
320
770
687
859
111
818
857
368
778
575
409
63
609
246
996
552
645
442
123
833
939
127
962
898
224
753
54
750
297
917
838
929
733
559
922
121
595
781
437
679
508
509
436
771
452
666
499
760
141
26
817
808
740
575
281
872
603
780
194
620
109
910
837
425
718
299
725
644
33
836
704
16
242
981
683
397
630
888
560
401
263
775
133
399
859
958
241
384
328
79
540
302
936
180
276
279
710
537
964
139
710
817
418
533
162
267
433
466
98
127
623
749
473
29
319
704
746
162
320
173
939
963
808
751
3
731
538
346
868
19
16
426
910
832
785
573
662
445
164
725
467
778
310
946
631
291
687
136
15
102
197
62
522
259
840
913
351
772
990
5
846
702
917
504
31
948
210
168
97
788
309
434
503
907
164
447
619
162
872
713
885
961
381
496
174
132
926
960
856
56
195
884
612
362
37
208
338
379
305
10
803
23
142
498
677
793
528
136
291
456
893
114
506
495
793
402
58
105
19
856
229
995
653
403
775
309
117
868
664
940
245
225
855
833
438
828
394
246
740
446
727
379
261
913
430
678
147
314
751
533
786
917
695
527
737
298
169
757
358
243
693
164
9
961
643
672
289
310
646
57
342
936
837
480
184
729
733
625
500
698
514
992
346
770
928
556
555
497
165
433
229
915
239
403
616
421
338
34
747
156
227
747
176
276
460
392
333
948
795
698
4
164
904
271
732
399
606
634
850
96
943
624
145
115
792
826
264
703
551
848
662
911
115
79
243
581
587
343
349
127
226
710
877
226
350
243
397
322
306
42
150
957
983
246
788
693
32
759
519
88
450
578
470
274
317
878
289
936
581
362
48
750
321
312
135
968
426
778
933
544
47
172
696
396
790
469
247
271
813
62
689
445
988
109
608
479
340
96
347
833
462
237
412
319
278
452
590
109
646
893
719
807
822
735
975
91
50
424
863
689
885
328
567
209
267
275
626
102
130
1
619
684
486
626
827
39
754
355
37
381
396
190
501
832
732
732
331
922
342
517
548
786
530
970
251
118
45
491
312
255
95
876
357
313
552
912
846
43
708
784
358
904
849
766
196
491
540
1
623
381
665
784
604
155
592
759
772
116
663
203
259
385
409
242
529
465
591
274
410
77
47
428
587
559
865
39
661
226
70
659
78
347
859
433
75
914
219
587
507
733
976
413
247
857
51
550
90
127
562
513
496
739
599
470
4
790
279
644
15
606
88
915
777
133
21
517
421
207
636
145
602
542
80
236
99
817
97
59
985
483
225
929
647
254
850
687
688
914
17
260
517
685
105
234
401
531
647
709
568
929
831
432
9
775
206
782
163
392
313
68
334
764
85
172
516
850
378
62
964
714
974
261
81
274
540
749
831
974
849
129
587
401
562
131
678
762
938
738
489
664
318
289
588
302
436
486
642
384
73
914
559
510
135
44
842
392
778
846
735
986
807
936
321
430
540
349
246
143
373
870
121
301
430
28
317
821
551
778
639
205
519
658
145
68
508
180
529
850
92
139
317
4
443
207
176
821
78
539
790
729
328
385
107
43
774
742
155
445
802
149
847
342
728
649
822
241
503
792
741
815
90
621
342
398
49
847
124
336
486
228
904
359
17
778
294
505
817
540
990
332
327
49
280
513
28
50
314
171
698
138
964
346
558
332
413
118
518
254
276
181
573
414
347
370
933
371
540
583
269
530
939
41
18
178
149
910
58
96
660
696
702
519
32
19
173
933
544
31
225
583
315
399
285
712
718
122
551
197
942
147
509
88
731
324
801
663
524
977
935
910
658
53
618
416
53
884
120
524
750
64
416
814
308
585
166
656
160
5
699
47
280
683
121
414
332
61
389
283
223
547
509
336
816
825
520
217
612
405
504
189
1
391
230
127
870
731
444
534
183
70
453
710
882
533
579
65
416
343
32
44
336
735
391
788
402
906
314
332
918
651
436
4
554
335
335
327
116
663
683
333
271
247
559
325
497
321
950
423
382
162
347
780
658
863
9
476
680
239
104
494
714
258
706
227
798
452
859
753
176
561
378
402
290
657
671
179
151
747
646
430
431
447
313
136
137
1000
674
495
206
722
141
536
559
238
255
556
794
980
467
540
802
324
150
88
822
257
7
108
432
569
35
442
197
311
693
303
123
8
428
768
330
220
376
825
717
790
913
660
701
149
172
885
789
215
680
44
71
671
368
267
774
403
175
857
922
401
282
357
91
816
672
41
15
775
895
681
492
373
265
524
208
575
77
798
365
510
88
193
452
52
906
710
55
228
405
331
120
794
177
68
107
169
602
828
775
437
742
969
66
928
182
741
682
649
807
114
520
215
99
597
764
654
795
848
42
132
906
839
872
255
680
246
264
422
200
892
